1.000000000000000000e+00
1.160000000000000000e+02
1.140000000000000000e+02
1.120000000000000000e+02
1.100000000000000000e+02
1.080000000000000000e+02
1.060000000000000000e+02
1.040000000000000000e+02
1.020000000000000000e+02
1.000000000000000000e+02
9.800000000000000000e+01
9.600000000000000000e+01
9.400000000000000000e+01
9.200000000000000000e+01
9.000000000000000000e+01
8.800000000000000000e+01
8.600000000000000000e+01
8.400000000000000000e+01
8.200000000000000000e+01
8.000000000000000000e+01
7.800000000000000000e+01
7.600000000000000000e+01
7.400000000000000000e+01
7.200000000000000000e+01
7.000000000000000000e+01
1.170000000000000000e+02
1.481000000000000000e+03
1.479000000000000000e+03
1.517000000000000000e+03
2.514000000000000000e+03
2.511000000000000000e+03
3.551000000000000000e+03
1.030000000000000000e+02
1.010000000000000000e+02
1.010000000000000000e+02
1.233000000000000000e+03
1.231000000000000000e+03
1.229000000000000000e+03
9.100000000000000000e+01
1.225000000000000000e+03
1.251000000000000000e+03
1.248000000000000000e+03
1.067000000000000000e+03
1.072000000000000000e+03
1.254000000000000000e+03
1.261000000000000000e+03
1.266000000000000000e+03
1.269000000000000000e+03
7.300000000000000000e+01
1.316000000000000000e+03
6.900000000000000000e+01
1.480000000000000000e+03
1.478000000000000000e+03
1.130000000000000000e+02
2.512000000000000000e+03
1.090000000000000000e+02
1.050000000000000000e+02
1.050000000000000000e+02
1.030000000000000000e+02
9.900000000000000000e+01
9.900000000000000000e+01
1.226000000000000000e+03
1.227000000000000000e+03
1.224000000000000000e+03
1.398000000000000000e+03
2.301000000000000000e+03
1.249000000000000000e+03
8.300000000000000000e+01
1.068000000000000000e+03
1.256000000000000000e+03
1.259000000000000000e+03
1.264000000000000000e+03
7.300000000000000000e+01
7.100000000000000000e+01
7.100000000000000000e+01
1.467000000000000000e+03
1.150000000000000000e+02
1.150000000000000000e+02
1.110000000000000000e+02
1.090000000000000000e+02
2.510000000000000000e+03
1.070000000000000000e+02
3.550000000000000000e+03
2.776000000000000000e+03
2.777000000000000000e+03
9.700000000000000000e+01
9.500000000000000000e+01
9.500000000000000000e+01
9.300000000000000000e+01
9.100000000000000000e+01
8.700000000000000000e+01
8.500000000000000000e+01
8.500000000000000000e+01
8.100000000000000000e+01
8.100000000000000000e+01
7.700000000000000000e+01
7.500000000000000000e+01
7.500000000000000000e+01
1.270000000000000000e+03
6.900000000000000000e+01
1.315000000000000000e+03
1.170000000000000000e+02
1.130000000000000000e+02
1.516000000000000000e+03
1.110000000000000000e+02
1.070000000000000000e+02
3.549000000000000000e+03
3.548000000000000000e+03
2.775000000000000000e+03
1.237000000000000000e+03
1.230000000000000000e+03
9.700000000000000000e+01
9.300000000000000000e+01
1.403000000000000000e+03
8.900000000000000000e+01
8.900000000000000000e+01
8.700000000000000000e+01
1.246000000000000000e+03
8.300000000000000000e+01
7.900000000000000000e+01
7.900000000000000000e+01
7.700000000000000000e+01
1.270000000000000000e+03
1.298000000000000000e+03
1.315000000000000000e+03
1.314000000000000000e+03
9.140000000000000000e+02
1.475000000000000000e+03
1.478000000000000000e+03
2.513000000000000000e+03
2.512000000000000000e+03
5.180000000000000000e+02
3.549000000000000000e+03
3.548000000000000000e+03
2.775000000000000000e+03
1.237000000000000000e+03
1.230000000000000000e+03
1.228000000000000000e+03
2.741000000000000000e+03
1.397000000000000000e+03
3.555000000000000000e+03
1.246000000000000000e+03
1.068000000000000000e+03
1.071000000000000000e+03
1.255000000000000000e+03
1.260000000000000000e+03
1.265000000000000000e+03
1.266000000000000000e+03
1.285000000000000000e+03
1.298000000000000000e+03
1.481000000000000000e+03
1.467000000000000000e+03
9.110000000000000000e+02
1.515000000000000000e+03
1.516000000000000000e+03
2.507000000000000000e+03
2.510000000000000000e+03
1.020000000000000000e+02
1.040000000000000000e+02
1.020000000000000000e+02
9.990000000000000000e+02
1.232000000000000000e+03
1.403000000000000000e+03
1.225000000000000000e+03
1.224000000000000000e+03
1.249000000000000000e+03
1.250000000000000000e+03
1.063000000000000000e+03
1.061000000000000000e+03
9.900000000000000000e+02
1.264000000000000000e+03
9.860000000000000000e+02
9.860000000000000000e+02
7.400000000000000000e+01
9.750000000000000000e+02
7.000000000000000000e+01
1.466000000000000000e+03
1.480000000000000000e+03
9.080000000000000000e+02
8.930000000000000000e+02
8.960000000000000000e+02
2.509000000000000000e+03
2.776000000000000000e+03
1.000000000000000000e+02
9.800000000000000000e+01
1.234000000000000000e+03
1.227000000000000000e+03
1.226000000000000000e+03
1.003000000000000000e+03
1.003000000000000000e+03
1.398000000000000000e+03
9.930000000000000000e+02
1.247000000000000000e+03
1.254000000000000000e+03
1.072000000000000000e+03
9.880000000000000000e+02
1.269000000000000000e+03
7.600000000000000000e+01
1.269000000000000000e+03
1.313000000000000000e+03
1.160000000000000000e+02
1.479000000000000000e+03
1.517000000000000000e+03
2.514000000000000000e+03
2.511000000000000000e+03
3.551000000000000000e+03
1.040000000000000000e+02
1.060000000000000000e+02
2.777000000000000000e+03
1.233000000000000000e+03
1.000000000000000000e+02
1.000000000000000000e+03
1.002000000000000000e+03
1.229000000000000000e+03
2.301000000000000000e+03
9.380000000000000000e+02
1.251000000000000000e+03
1.248000000000000000e+03
1.067000000000000000e+03
1.259000000000000000e+03
1.256000000000000000e+03
1.261000000000000000e+03
7.200000000000000000e+01
7.000000000000000000e+01
7.200000000000000000e+01
9.140000000000000000e+02
1.459000000000000000e+03
9.080000000000000000e+02
1.100000000000000000e+02
1.080000000000000000e+02
1.100000000000000000e+02
3.550000000000000000e+03
3.018000000000000000e+03
2.385000000000000000e+03
1.242000000000000000e+03
1.231000000000000000e+03
1.002000000000000000e+03
9.600000000000000000e+01
9.000000000000000000e+01
9.380000000000000000e+02
9.920000000000000000e+02
9.920000000000000000e+02
8.200000000000000000e+01
1.063000000000000000e+03
1.061000000000000000e+03
9.900000000000000000e+02
9.880000000000000000e+02
1.285000000000000000e+03
1.316000000000000000e+03
1.000000000000000000e+00
1.316000000000000000e+03
1.314000000000000000e+03
1.120000000000000000e+02
1.140000000000000000e+02
8.960000000000000000e+02
5.180000000000000000e+02
1.080000000000000000e+02
3.551000000000000000e+03
3.550000000000000000e+03
9.950000000000000000e+02
9.600000000000000000e+01
9.400000000000000000e+01
1.001000000000000000e+03
9.400000000000000000e+01
9.200000000000000000e+01
8.600000000000000000e+01
8.800000000000000000e+01
8.600000000000000000e+01
8.400000000000000000e+01
8.200000000000000000e+01
7.600000000000000000e+01
7.400000000000000000e+01
1.282000000000000000e+03
1.297000000000000000e+03
1.297000000000000000e+03
1.459000000000000000e+03
1.458000000000000000e+03
1.466000000000000000e+03
8.930000000000000000e+02
1.120000000000000000e+02
1.060000000000000000e+02
2.507000000000000000e+03
5.170000000000000000e+02
5.580000000000000000e+02
2.776000000000000000e+03
1.242000000000000000e+03
9.800000000000000000e+01
9.200000000000000000e+01
1.001000000000000000e+03
1.399000000000000000e+03
2.347000000000000000e+03
8.400000000000000000e+01
9.930000000000000000e+02
8.000000000000000000e+01
1.258000000000000000e+03
1.263000000000000000e+03
1.268000000000000000e+03
1.265000000000000000e+03
1.282000000000000000e+03
1.314000000000000000e+03
1.313000000000000000e+03
9.110000000000000000e+02
1.160000000000000000e+02
1.475000000000000000e+03
1.513000000000000000e+03
2.513000000000000000e+03
2.506000000000000000e+03
2.509000000000000000e+03
9.950000000000000000e+02
2.385000000000000000e+03
2.777000000000000000e+03
1.234000000000000000e+03
1.232000000000000000e+03
2.302000000000000000e+03
8.800000000000000000e+01
9.000000000000000000e+01
1.247000000000000000e+03
1.299000000000000000e+03
1.074000000000000000e+03
1.257000000000000000e+03
8.000000000000000000e+01
7.800000000000000000e+01
1.264000000000000000e+03
9.860000000000000000e+02
1.285000000000000000e+03
9.710000000000000000e+02
1.140000000000000000e+02
1.473000000000000000e+03
1.477000000000000000e+03
1.515000000000000000e+03
1.507000000000000000e+03
2.511000000000000000e+03
5.580000000000000000e+02
1.050000000000000000e+02
9.990000000000000000e+02
1.000000000000000000e+03
1.233000000000000000e+03
1.231000000000000000e+03
2.742000000000000000e+03
1.400000000000000000e+03
3.556000000000000000e+03
1.067000000000000000e+03
1.071000000000000000e+03
1.073000000000000000e+03
7.800000000000000000e+01
1.265000000000000000e+03
1.282000000000000000e+03
1.268000000000000000e+03
9.750000000000000000e+02
1.296000000000000000e+03
9.750000000000000000e+02
1.000000000000000000e+00
1.465000000000000000e+03
1.479000000000000000e+03
1.508000000000000000e+03
1.508000000000000000e+03
5.170000000000000000e+02
1.010000000000000000e+02
1.237000000000000000e+03
1.030000000000000000e+02
1.235000000000000000e+03
1.241000000000000000e+03
2.741000000000000000e+03
1.397000000000000000e+03
2.741000000000000000e+03
1.250000000000000000e+03
1.300000000000000000e+03
1.072000000000000000e+03
1.255000000000000000e+03
1.260000000000000000e+03
1.262000000000000000e+03
1.267000000000000000e+03
9.810000000000000000e+02
7.500000000000000000e+01
1.467000000000000000e+03
1.480000000000000000e+03
1.465000000000000000e+03
1.481000000000000000e+03
1.474000000000000000e+03
1.517000000000000000e+03
2.514000000000000000e+03
2.508000000000000000e+03
2.775000000000000000e+03
3.018000000000000000e+03
1.230000000000000000e+03
1.238000000000000000e+03
1.236000000000000000e+03
1.401000000000000000e+03
1.398000000000000000e+03
2.302000000000000000e+03
1.397000000000000000e+03
1.301000000000000000e+03
1.073000000000000000e+03
1.257000000000000000e+03
1.262000000000000000e+03
1.267000000000000000e+03
1.270000000000000000e+03
1.298000000000000000e+03
9.810000000000000000e+02
1.270000000000000000e+03
1.466000000000000000e+03
1.455000000000000000e+03
1.474000000000000000e+03
1.514000000000000000e+03
1.514000000000000000e+03
2.506000000000000000e+03
1.030000000000000000e+02
1.070000000000000000e+02
9.900000000000000000e+01
3.548000000000000000e+03
1.226000000000000000e+03
1.406000000000000000e+03
1.402000000000000000e+03
1.399000000000000000e+03
3.555000000000000000e+03
1.248000000000000000e+03
3.555000000000000000e+03
1.300000000000000000e+03
1.256000000000000000e+03
1.071000000000000000e+03
1.266000000000000000e+03
7.300000000000000000e+01
7.700000000000000000e+01
1.266000000000000000e+03
1.170000000000000000e+02
1.458000000000000000e+03
9.710000000000000000e+02
9.140000000000000000e+02
2.512000000000000000e+03
2.510000000000000000e+03
3.549000000000000000e+03
3.548000000000000000e+03
5.180000000000000000e+02
1.242000000000000000e+03
9.700000000000000000e+01
9.950000000000000000e+02
1.228000000000000000e+03
1.224000000000000000e+03
1.228000000000000000e+03
1.403000000000000000e+03
2.307000000000000000e+03
3.556000000000000000e+03
1.249000000000000000e+03
1.246000000000000000e+03
1.074000000000000000e+03
1.255000000000000000e+03
1.260000000000000000e+03
7.100000000000000000e+01
1.296000000000000000e+03
9.710000000000000000e+02
1.150000000000000000e+02
1.315000000000000000e+03
1.458000000000000000e+03
2.513000000000000000e+03
2.507000000000000000e+03
1.050000000000000000e+02
1.507000000000000000e+03
2.385000000000000000e+03
3.549000000000000000e+03
5.580000000000000000e+02
1.010000000000000000e+02
1.229000000000000000e+03
9.700000000000000000e+01
1.227000000000000000e+03
1.251000000000000000e+03
1.400000000000000000e+03
1.303000000000000000e+03
1.250000000000000000e+03
1.247000000000000000e+03
1.261000000000000000e+03
1.258000000000000000e+03
1.281000000000000000e+03
1.281000000000000000e+03
6.900000000000000000e+01
7.300000000000000000e+01
7.100000000000000000e+01
1.478000000000000000e+03
1.516000000000000000e+03
1.090000000000000000e+02
1.070000000000000000e+02
1.110000000000000000e+02
8.960000000000000000e+02
2.508000000000000000e+03
5.170000000000000000e+02
1.243000000000000000e+03
1.236000000000000000e+03
9.990000000000000000e+02
1.406000000000000000e+03
8.900000000000000000e+01
9.370000000000000000e+02
1.225000000000000000e+03
2.301000000000000000e+03
8.100000000000000000e+01
1.299000000000000000e+03
9.890000000000000000e+02
1.254000000000000000e+03
1.259000000000000000e+03
1.297000000000000000e+03
1.315000000000000000e+03
9.810000000000000000e+02
1.455000000000000000e+03
1.475000000000000000e+03
1.515000000000000000e+03
1.513000000000000000e+03
1.507000000000000000e+03
2.509000000000000000e+03
1.090000000000000000e+02
2.510000000000000000e+03
2.386000000000000000e+03
2.384000000000000000e+03
1.232000000000000000e+03
9.900000000000000000e+01
2.958000000000000000e+03
9.500000000000000000e+01
2.307000000000000000e+03
5.870000000000000000e+02
8.300000000000000000e+01
1.286000000000000000e+03
1.271000000000000000e+03
1.068000000000000000e+03
1.278000000000000000e+03
9.850000000000000000e+02
9.880000000000000000e+02
1.293000000000000000e+03
1.310000000000000000e+03
1.298000000000000000e+03
9.160000000000000000e+02
1.464000000000000000e+03
1.473000000000000000e+03
1.130000000000000000e+02
1.506000000000000000e+03
8.970000000000000000e+02
3.019000000000000000e+03
2.778000000000000000e+03
1.234000000000000000e+03
9.500000000000000000e+01
1.235000000000000000e+03
2.742000000000000000e+03
2.958000000000000000e+03
2.347000000000000000e+03
1.303000000000000000e+03
8.900000000000000000e+01
9.790000000000000000e+02
1.060000000000000000e+03
1.277000000000000000e+03
7.500000000000000000e+01
1.263000000000000000e+03
1.267000000000000000e+03
7.600000000000000000e+01
1.459000000000000000e+03
1.310000000000000000e+03
6.900000000000000000e+01
9.120000000000000000e+02
1.476000000000000000e+03
8.980000000000000000e+02
1.513000000000000000e+03
3.018000000000000000e+03
2.506000000000000000e+03
2.384000000000000000e+03
1.238000000000000000e+03
1.243000000000000000e+03
9.300000000000000000e+01
9.100000000000000000e+01
5.940000000000000000e+02
9.300000000000000000e+01
8.500000000000000000e+01
1.063000000000000000e+03
8.700000000000000000e+01
8.500000000000000000e+01
1.271000000000000000e+03
1.268000000000000000e+03
1.285000000000000000e+03
1.261000000000000000e+03
1.268000000000000000e+03
1.293000000000000000e+03
1.296000000000000000e+03
1.473000000000000000e+03
1.477000000000000000e+03
1.150000000000000000e+02
1.503000000000000000e+03
8.930000000000000000e+02
2.512000000000000000e+03
2.777000000000000000e+03
1.060000000000000000e+02
2.386000000000000000e+03
2.775000000000000000e+03
1.401000000000000000e+03
1.000000000000000000e+03
2.303000000000000000e+03
2.303000000000000000e+03
9.100000000000000000e+01
1.299000000000000000e+03
1.074000000000000000e+03
1.258000000000000000e+03
1.263000000000000000e+03
9.870000000000000000e+02
9.810000000000000000e+02
1.284000000000000000e+03
1.281000000000000000e+03
1.282000000000000000e+03
1.297000000000000000e+03
1.313000000000000000e+03
1.110000000000000000e+02
9.110000000000000000e+02
1.477000000000000000e+03
8.970000000000000000e+02
2.518000000000000000e+03
2.518000000000000000e+03
1.233000000000000000e+03
1.040000000000000000e+02
1.239000000000000000e+03
1.237000000000000000e+03
1.230000000000000000e+03
1.402000000000000000e+03
8.700000000000000000e+01
9.930000000000000000e+02
1.302000000000000000e+03
1.061000000000000000e+03
7.900000000000000000e+01
8.300000000000000000e+01
9.850000000000000000e+02
7.900000000000000000e+01
9.850000000000000000e+02
1.265000000000000000e+03
9.140000000000000000e+02
1.309000000000000000e+03
1.130000000000000000e+02
9.160000000000000000e+02
9.070000000000000000e+02
9.080000000000000000e+02
8.980000000000000000e+02
2.776000000000000000e+03
1.000000000000000000e+02
9.800000000000000000e+01
1.235000000000000000e+03
1.241000000000000000e+03
1.240000000000000000e+03
1.241000000000000000e+03
1.400000000000000000e+03
2.306000000000000000e+03
2.317000000000000000e+03
2.347000000000000000e+03
1.301000000000000000e+03
9.890000000000000000e+02
7.700000000000000000e+01
1.277000000000000000e+03
1.278000000000000000e+03
1.293000000000000000e+03
1.313000000000000000e+03
1.481000000000000000e+03
9.110000000000000000e+02
1.464000000000000000e+03
1.170000000000000000e+02
9.120000000000000000e+02
9.070000000000000000e+02
1.516000000000000000e+03
1.020000000000000000e+02
2.778000000000000000e+03
3.019000000000000000e+03
3.018000000000000000e+03
9.980000000000000000e+02
9.980000000000000000e+02
1.003000000000000000e+03
9.380000000000000000e+02
2.742000000000000000e+03
1.301000000000000000e+03
9.790000000000000000e+02
1.060000000000000000e+03
9.900000000000000000e+02
9.870000000000000000e+02
8.100000000000000000e+01
1.284000000000000000e+03
1.316000000000000000e+03
1.284000000000000000e+03
9.770000000000000000e+02
1.465000000000000000e+03
1.309000000000000000e+03
1.467000000000000000e+03
1.503000000000000000e+03
1.506000000000000000e+03
2.508000000000000000e+03
1.506000000000000000e+03
9.950000000000000000e+02
2.509000000000000000e+03
9.600000000000000000e+01
9.970000000000000000e+02
9.960000000000000000e+02
2.302000000000000000e+03
2.301000000000000000e+03
5.940000000000000000e+02
2.364000000000000000e+03
1.068000000000000000e+03
1.254000000000000000e+03
1.286000000000000000e+03
9.880000000000000000e+02
9.860000000000000000e+02
7.200000000000000000e+01
9.750000000000000000e+02
1.264000000000000000e+03
1.269000000000000000e+03
1.479000000000000000e+03
1.454000000000000000e+03
1.459000000000000000e+03
1.480000000000000000e+03
5.180000000000000000e+02
3.550000000000000000e+03
1.508000000000000000e+03
2.507000000000000000e+03
1.243000000000000000e+03
1.231000000000000000e+03
2.385000000000000000e+03
1.238000000000000000e+03
2.965000000000000000e+03
2.956000000000000000e+03
9.920000000000000000e+02
1.246000000000000000e+03
2.364000000000000000e+03
9.920000000000000000e+02
1.259000000000000000e+03
1.073000000000000000e+03
1.257000000000000000e+03
1.283000000000000000e+03
7.800000000000000000e+01
9.770000000000000000e+02
7.400000000000000000e+01
9.160000000000000000e+02
1.310000000000000000e+03
1.476000000000000000e+03
8.960000000000000000e+02
1.478000000000000000e+03
1.514000000000000000e+03
1.510000000000000000e+03
2.386000000000000000e+03
9.990000000000000000e+02
3.550000000000000000e+03
2.384000000000000000e+03
1.001000000000000000e+03
9.360000000000000000e+02
1.002000000000000000e+03
1.001000000000000000e+03
1.003000000000000000e+03
5.870000000000000000e+02
1.287000000000000000e+03
1.272000000000000000e+03
1.063000000000000000e+03
1.061000000000000000e+03
9.900000000000000000e+02
7.000000000000000000e+01
1.310000000000000000e+03
9.860000000000000000e+02
1.140000000000000000e+02
1.316000000000000000e+03
1.455000000000000000e+03
2.511000000000000000e+03
3.551000000000000000e+03
1.505000000000000000e+03
5.580000000000000000e+02
1.080000000000000000e+02
3.551000000000000000e+03
2.778000000000000000e+03
1.227000000000000000e+03
1.242000000000000000e+03
1.225000000000000000e+03
9.370000000000000000e+02
3.556000000000000000e+03
2.306000000000000000e+03
9.380000000000000000e+02
1.302000000000000000e+03
1.274000000000000000e+03
1.273000000000000000e+03
1.269000000000000000e+03
1.262000000000000000e+03
1.283000000000000000e+03
1.314000000000000000e+03
1.160000000000000000e+02
1.285000000000000000e+03
9.080000000000000000e+02
1.463000000000000000e+03
1.508000000000000000e+03
2.506000000000000000e+03
1.503000000000000000e+03
2.513000000000000000e+03
8.970000000000000000e+02
2.518000000000000000e+03
1.000000000000000000e+03
1.020000000000000000e+02
1.403000000000000000e+03
9.800000000000000000e+01
1.226000000000000000e+03
1.229000000000000000e+03
1.399000000000000000e+03
1.398000000000000000e+03
1.257000000000000000e+03
1.277000000000000000e+03
1.060000000000000000e+03
9.890000000000000000e+02
1.297000000000000000e+03
1.296000000000000000e+03
7.700000000000000000e+01
1.309000000000000000e+03
7.200000000000000000e+01
1.457000000000000000e+03
1.457000000000000000e+03
1.465000000000000000e+03
1.502000000000000000e+03
1.040000000000000000e+02
3.019000000000000000e+03
1.507000000000000000e+03
2.508000000000000000e+03
1.409000000000000000e+03
1.002000000000000000e+03
1.402000000000000000e+03
1.236000000000000000e+03
8.800000000000000000e+01
2.305000000000000000e+03
1.224000000000000000e+03
9.740000000000000000e+02
1.251000000000000000e+03
1.300000000000000000e+03
1.276000000000000000e+03
1.281000000000000000e+03
1.256000000000000000e+03
1.260000000000000000e+03
1.292000000000000000e+03
1.455000000000000000e+03
1.454000000000000000e+03
9.750000000000000000e+02
8.930000000000000000e+02
1.464000000000000000e+03
1.474000000000000000e+03
1.504000000000000000e+03
1.100000000000000000e+02
2.511000000000000000e+03
1.238000000000000000e+03
9.970000000000000000e+02
2.776000000000000000e+03
1.239000000000000000e+03
9.960000000000000000e+02
1.401000000000000000e+03
1.249000000000000000e+03
5.920000000000000000e+02
1.073000000000000000e+03
3.964000000000000000e+03
1.262000000000000000e+03
1.264000000000000000e+03
1.280000000000000000e+03
1.293000000000000000e+03
1.263000000000000000e+03
1.000000000000000000e+00
1.284000000000000000e+03
9.770000000000000000e+02
1.474000000000000000e+03
2.514000000000000000e+03
1.492000000000000000e+03
1.476000000000000000e+03
5.170000000000000000e+02
1.505000000000000000e+03
1.510000000000000000e+03
2.779000000000000000e+03
9.330000000000000000e+02
9.400000000000000000e+01
1.000000000000000000e+02
2.959000000000000000e+03
9.600000000000000000e+01
2.308000000000000000e+03
9.370000000000000000e+02
3.964000000000000000e+03
1.271000000000000000e+03
1.273000000000000000e+03
1.067000000000000000e+03
1.279000000000000000e+03
1.280000000000000000e+03
1.278000000000000000e+03
1.267000000000000000e+03
1.308000000000000000e+03
1.308000000000000000e+03
7.000000000000000000e+01
1.514000000000000000e+03
1.472000000000000000e+03
1.060000000000000000e+02
1.515000000000000000e+03
2.775000000000000000e+03
1.237000000000000000e+03
5.180000000000000000e+02
1.050000000000000000e+02
1.409000000000000000e+03
2.965000000000000000e+03
1.234000000000000000e+03
2.304000000000000000e+03
2.317000000000000000e+03
2.316000000000000000e+03
1.286000000000000000e+03
1.274000000000000000e+03
9.930000000000000000e+02
1.278000000000000000e+03
1.282000000000000000e+03
9.870000000000000000e+02
1.292000000000000000e+03
9.850000000000000000e+02
1.281000000000000000e+03
1.293000000000000000e+03
1.517000000000000000e+03
1.472000000000000000e+03
1.466000000000000000e+03
1.494000000000000000e+03
1.120000000000000000e+02
1.010000000000000000e+02
2.384000000000000000e+03
9.330000000000000000e+02
1.239000000000000000e+03
1.240000000000000000e+03
2.777000000000000000e+03
2.956000000000000000e+03
3.880000000000000000e+02
5.920000000000000000e+02
1.300000000000000000e+03
3.558000000000000000e+03
8.000000000000000000e+01
1.248000000000000000e+03
1.267000000000000000e+03
1.072000000000000000e+03
1.298000000000000000e+03
1.259000000000000000e+03
9.880000000000000000e+02
1.458000000000000000e+03
9.810000000000000000e+02
9.120000000000000000e+02
1.314000000000000000e+03
1.080000000000000000e+02
1.475000000000000000e+03
1.510000000000000000e+03
2.514000000000000000e+03
2.782000000000000000e+03
1.070000000000000000e+02
1.236000000000000000e+03
1.406000000000000000e+03
9.200000000000000000e+01
9.000000000000000000e+01
2.305000000000000000e+03
5.870000000000000000e+02
9.200000000000000000e+01
1.071000000000000000e+03
1.303000000000000000e+03
9.790000000000000000e+02
1.272000000000000000e+03
7.400000000000000000e+01
9.800000000000000000e+02
9.800000000000000000e+02
9.710000000000000000e+02
1.292000000000000000e+03
1.473000000000000000e+03
1.296000000000000000e+03
1.454000000000000000e+03
8.980000000000000000e+02
1.504000000000000000e+03
1.502000000000000000e+03
8.980000000000000000e+02
9.900000000000000000e+01
4.390000000000000000e+02
2.779000000000000000e+03
2.386000000000000000e+03
1.404000000000000000e+03
5.940000000000000000e+02
3.555000000000000000e+03
9.400000000000000000e+01
1.247000000000000000e+03
2.307000000000000000e+03
1.255000000000000000e+03
8.600000000000000000e+01
8.400000000000000000e+01
1.283000000000000000e+03
8.000000000000000000e+01
9.770000000000000000e+02
1.283000000000000000e+03
7.500000000000000000e+01
9.720000000000000000e+02
1.120000000000000000e+02
1.100000000000000000e+02
1.494000000000000000e+03
8.970000000000000000e+02
1.517000000000000000e+03
2.778000000000000000e+03
4.390000000000000000e+02
1.230000000000000000e+03
5.170000000000000000e+02
1.244000000000000000e+03
1.243000000000000000e+03
3.880000000000000000e+02
2.307000000000000000e+03
2.304000000000000000e+03
9.740000000000000000e+02
8.200000000000000000e+01
8.800000000000000000e+01
1.287000000000000000e+03
1.279000000000000000e+03
1.276000000000000000e+03
1.258000000000000000e+03
1.280000000000000000e+03
1.467000000000000000e+03
1.266000000000000000e+03
1.464000000000000000e+03
9.720000000000000000e+02
9.070000000000000000e+02
1.463000000000000000e+03
1.140000000000000000e+02
2.518000000000000000e+03
8.950000000000000000e+02
1.242000000000000000e+03
1.409000000000000000e+03
3.019000000000000000e+03
5.580000000000000000e+02
1.245000000000000000e+03
1.233000000000000000e+03
2.743000000000000000e+03
8.600000000000000000e+01
8.400000000000000000e+01
2.317000000000000000e+03
1.272000000000000000e+03
1.260000000000000000e+03
7.600000000000000000e+01
8.200000000000000000e+01
7.100000000000000000e+01
1.313000000000000000e+03
1.261000000000000000e+03
1.466000000000000000e+03
1.475000000000000000e+03
1.463000000000000000e+03
9.710000000000000000e+02
1.160000000000000000e+02
1.492000000000000000e+03
9.070000000000000000e+02
1.513000000000000000e+03
8.950000000000000000e+02
9.700000000000000000e+01
1.226000000000000000e+03
1.245000000000000000e+03
9.360000000000000000e+02
1.240000000000000000e+03
2.959000000000000000e+03
2.958000000000000000e+03
2.315000000000000000e+03
9.000000000000000000e+01
9.890000000000000000e+02
7.800000000000000000e+01
1.265000000000000000e+03
1.074000000000000000e+03
1.279000000000000000e+03
1.315000000000000000e+03
9.800000000000000000e+02
1.268000000000000000e+03
1.270000000000000000e+03
1.308000000000000000e+03
1.000000000000000000e+00
1.502000000000000000e+03
1.505000000000000000e+03
1.030000000000000000e+02
2.385000000000000000e+03
8.960000000000000000e+02
1.234000000000000000e+03
9.500000000000000000e+01
9.330000000000000000e+02
1.405000000000000000e+03
1.235000000000000000e+03
1.232000000000000000e+03
2.309000000000000000e+03
1.302000000000000000e+03
1.287000000000000000e+03
3.557000000000000000e+03
1.276000000000000000e+03
9.840000000000000000e+02
1.273000000000000000e+03
1.292000000000000000e+03
7.900000000000000000e+01
1.459000000000000000e+03
1.480000000000000000e+03
1.478000000000000000e+03
1.456000000000000000e+03
1.492000000000000000e+03
1.481000000000000000e+03
1.479000000000000000e+03
1.477000000000000000e+03
1.504000000000000000e+03
2.779000000000000000e+03
2.782000000000000000e+03
3.549000000000000000e+03
1.407000000000000000e+03
9.970000000000000000e+02
1.399000000000000000e+03
2.306000000000000000e+03
2.956000000000000000e+03
2.363000000000000000e+03
2.316000000000000000e+03
3.556000000000000000e+03
1.275000000000000000e+03
1.286000000000000000e+03
1.270000000000000000e+03
1.255000000000000000e+03
6.900000000000000000e+01
1.295000000000000000e+03
1.295000000000000000e+03
1.457000000000000000e+03
9.770000000000000000e+02
1.309000000000000000e+03
2.507000000000000000e+03
2.509000000000000000e+03
8.990000000000000000e+02
1.509000000000000000e+03
1.090000000000000000e+02
2.506000000000000000e+03
1.232000000000000000e+03
9.960000000000000000e+02
2.958000000000000000e+03
9.900000000000000000e+01
2.347000000000000000e+03
1.250000000000000000e+03
2.309000000000000000e+03
2.363000000000000000e+03
9.830000000000000000e+02
9.870000000000000000e+02
1.299000000000000000e+03
1.271000000000000000e+03
1.277000000000000000e+03
1.310000000000000000e+03
1.308000000000000000e+03
1.265000000000000000e+03
7.300000000000000000e+01
9.150000000000000000e+02
9.150000000000000000e+02
9.160000000000000000e+02
9.120000000000000000e+02
3.548000000000000000e+03
2.782000000000000000e+03
1.506000000000000000e+03
2.510000000000000000e+03
9.980000000000000000e+02
1.030000000000000000e+02
9.950000000000000000e+02
9.990000000000000000e+02
1.231000000000000000e+03
1.228000000000000000e+03
2.308000000000000000e+03
1.397000000000000000e+03
1.256000000000000000e+03
9.840000000000000000e+02
1.290000000000000000e+03
9.810000000000000000e+02
1.291000000000000000e+03
1.291000000000000000e+03
1.170000000000000000e+02
1.150000000000000000e+02
1.282000000000000000e+03
1.477000000000000000e+03
1.471000000000000000e+03
1.458000000000000000e+03
9.020000000000000000e+02
1.501000000000000000e+03
8.930000000000000000e+02
1.243000000000000000e+03
9.970000000000000000e+02
4.390000000000000000e+02
1.228000000000000000e+03
2.741000000000000000e+03
9.980000000000000000e+02
1.406000000000000000e+03
2.747000000000000000e+03
2.302000000000000000e+03
1.072000000000000000e+03
3.558000000000000000e+03
9.830000000000000000e+02
9.850000000000000000e+02
1.284000000000000000e+03
1.296000000000000000e+03
1.262000000000000000e+03
1.309000000000000000e+03
1.454000000000000000e+03
1.295000000000000000e+03
1.515000000000000000e+03
1.456000000000000000e+03
2.510000000000000000e+03
3.549000000000000000e+03
3.018000000000000000e+03
8.990000000000000000e+02
1.505000000000000000e+03
1.235000000000000000e+03
1.410000000000000000e+03
3.548000000000000000e+03
1.244000000000000000e+03
2.303000000000000000e+03
1.251000000000000000e+03
1.248000000000000000e+03
1.067000000000000000e+03
5.140000000000000000e+02
5.140000000000000000e+02
1.261000000000000000e+03
1.274000000000000000e+03
9.820000000000000000e+02
9.750000000000000000e+02
9.900000000000000000e+02
7.800000000000000000e+01
7.600000000000000000e+01
1.130000000000000000e+02
1.297000000000000000e+03
2.513000000000000000e+03
9.090000000000000000e+02
1.473000000000000000e+03
1.494000000000000000e+03
1.110000000000000000e+02
9.330000000000000000e+02
1.510000000000000000e+03
1.407000000000000000e+03
1.404000000000000000e+03
2.966000000000000000e+03
1.397000000000000000e+03
9.360000000000000000e+02
1.303000000000000000e+03
2.303000000000000000e+03
1.400000000000000000e+03
9.740000000000000000e+02
1.263000000000000000e+03
1.280000000000000000e+03
1.291000000000000000e+03
1.254000000000000000e+03
9.870000000000000000e+02
1.278000000000000000e+03
9.720000000000000000e+02
1.456000000000000000e+03
1.476000000000000000e+03
1.513000000000000000e+03
1.507000000000000000e+03
1.501000000000000000e+03
1.509000000000000000e+03
2.386000000000000000e+03
2.512000000000000000e+03
2.507000000000000000e+03
2.387000000000000000e+03
1.229000000000000000e+03
1.010000000000000000e+02
2.966000000000000000e+03
2.308000000000000000e+03
2.743000000000000000e+03
2.741000000000000000e+03
1.060000000000000000e+03
1.258000000000000000e+03
3.964000000000000000e+03
1.247000000000000000e+03
1.071000000000000000e+03
1.316000000000000000e+03
1.294000000000000000e+03
1.294000000000000000e+03
9.160000000000000000e+02
