0.000000000000000000e+00
3.000000000000000000e+00
5.000000000000000000e+00
7.000000000000000000e+00
9.000000000000000000e+00
1.100000000000000000e+01
1.300000000000000000e+01
1.500000000000000000e+01
1.700000000000000000e+01
1.900000000000000000e+01
2.100000000000000000e+01
2.300000000000000000e+01
2.500000000000000000e+01
2.700000000000000000e+01
2.900000000000000000e+01
3.100000000000000000e+01
3.300000000000000000e+01
3.500000000000000000e+01
3.700000000000000000e+01
3.900000000000000000e+01
4.100000000000000000e+01
4.300000000000000000e+01
4.500000000000000000e+01
4.700000000000000000e+01
4.900000000000000000e+01
5.100000000000000000e+01
5.300000000000000000e+01
5.500000000000000000e+01
5.700000000000000000e+01
5.900000000000000000e+01
6.100000000000000000e+01
6.300000000000000000e+01
6.500000000000000000e+01
6.700000000000000000e+01
3.513000000000000000e+03
3.515000000000000000e+03
3.517000000000000000e+03
3.521000000000000000e+03
3.529000000000000000e+03
3.534000000000000000e+03
3.536000000000000000e+03
1.351000000000000000e+03
1.182000000000000000e+03
1.163000000000000000e+03
1.158000000000000000e+03
1.156000000000000000e+03
1.157000000000000000e+03
1.075000000000000000e+03
1.066000000000000000e+03
1.065000000000000000e+03
1.252000000000000000e+03
1.415000000000000000e+03
1.419000000000000000e+03
1.422000000000000000e+03
1.427000000000000000e+03
1.183000000000000000e+03
3.539000000000000000e+03
3.541000000000000000e+03
1.205000000000000000e+03
1.195000000000000000e+03
1.186000000000000000e+03
5.600000000000000000e+01
5.800000000000000000e+01
1.356000000000000000e+03
1.360000000000000000e+03
6.200000000000000000e+01
6.400000000000000000e+01
3.544000000000000000e+03
3.516000000000000000e+03
3.518000000000000000e+03
4.000000000000000000e+00
3.524000000000000000e+03
3.526000000000000000e+03
3.531000000000000000e+03
1.400000000000000000e+01
1.350000000000000000e+03
1.600000000000000000e+01
2.000000000000000000e+01
1.160000000000000000e+03
1.155000000000000000e+03
1.076000000000000000e+03
1.082000000000000000e+03
1.081000000000000000e+03
1.070000000000000000e+03
1.069000000000000000e+03
1.414000000000000000e+03
1.420000000000000000e+03
4.000000000000000000e+01
4.000000000000000000e+01
3.540000000000000000e+03
4.400000000000000000e+01
4.800000000000000000e+01
5.000000000000000000e+01
5.000000000000000000e+01
5.400000000000000000e+01
5.400000000000000000e+01
5.600000000000000000e+01
5.800000000000000000e+01
6.200000000000000000e+01
1.367000000000000000e+03
3.545000000000000000e+03
3.514000000000000000e+03
2.000000000000000000e+00
2.000000000000000000e+00
3.519000000000000000e+03
8.000000000000000000e+00
1.000000000000000000e+01
1.000000000000000000e+01
1.200000000000000000e+01
1.400000000000000000e+01
1.800000000000000000e+01
1.164000000000000000e+03
2.200000000000000000e+01
2.400000000000000000e+01
2.600000000000000000e+01
2.600000000000000000e+01
3.000000000000000000e+01
3.000000000000000000e+01
3.400000000000000000e+01
3.600000000000000000e+01
3.600000000000000000e+01
1.425000000000000000e+03
1.184000000000000000e+03
4.400000000000000000e+01
4.600000000000000000e+01
4.600000000000000000e+01
1.204000000000000000e+03
1.197000000000000000e+03
5.200000000000000000e+01
1.193000000000000000e+03
1.352000000000000000e+03
1.355000000000000000e+03
1.361000000000000000e+03
6.400000000000000000e+01
6.600000000000000000e+01
6.800000000000000000e+01
6.800000000000000000e+01
4.000000000000000000e+00
6.000000000000000000e+00
6.000000000000000000e+00
8.000000000000000000e+00
1.200000000000000000e+01
3.537000000000000000e+03
1.600000000000000000e+01
1.179000000000000000e+03
1.800000000000000000e+01
2.000000000000000000e+01
2.200000000000000000e+01
2.400000000000000000e+01
2.800000000000000000e+01
2.800000000000000000e+01
3.200000000000000000e+01
3.200000000000000000e+01
3.400000000000000000e+01
3.800000000000000000e+01
3.800000000000000000e+01
4.200000000000000000e+01
4.200000000000000000e+01
3.542000000000000000e+03
1.203000000000000000e+03
4.800000000000000000e+01
5.200000000000000000e+01
1.188000000000000000e+03
1.185000000000000000e+03
1.353000000000000000e+03
6.000000000000000000e+01
6.000000000000000000e+01
1.374000000000000000e+03
3.543000000000000000e+03
6.600000000000000000e+01
3.839000000000000000e+03
3.840000000000000000e+03
3.518000000000000000e+03
3.525000000000000000e+03
3.531000000000000000e+03
3.535000000000000000e+03
3.534000000000000000e+03
3.537000000000000000e+03
1.164000000000000000e+03
1.027000000000000000e+03
1.159000000000000000e+03
1.139000000000000000e+03
1.107000000000000000e+03
1.083000000000000000e+03
1.080000000000000000e+03
1.077000000000000000e+03
1.253000000000000000e+03
1.416000000000000000e+03
1.421000000000000000e+03
1.426000000000000000e+03
1.425000000000000000e+03
3.552000000000000000e+03
2.150000000000000000e+02
1.204000000000000000e+03
1.014000000000000000e+03
1.196000000000000000e+03
1.185000000000000000e+03
1.352000000000000000e+03
1.193000000000000000e+03
1.357000000000000000e+03
1.367000000000000000e+03
1.361000000000000000e+03
1.374000000000000000e+03
3.547000000000000000e+03
3.514000000000000000e+03
3.516000000000000000e+03
3.520000000000000000e+03
3.526000000000000000e+03
3.530000000000000000e+03
3.529000000000000000e+03
3.538000000000000000e+03
1.181000000000000000e+03
1.351000000000000000e+03
1.160000000000000000e+03
1.034000000000000000e+03
1.157000000000000000e+03
1.075000000000000000e+03
1.076000000000000000e+03
1.065000000000000000e+03
1.066000000000000000e+03
9.910000000000000000e+02
1.419000000000000000e+03
9.310000000000000000e+02
9.290000000000000000e+02
1.430000000000000000e+03
1.184000000000000000e+03
3.540000000000000000e+03
3.542000000000000000e+03
1.197000000000000000e+03
1.188000000000000000e+03
1.187000000000000000e+03
1.186000000000000000e+03
1.355000000000000000e+03
1.353000000000000000e+03
1.362000000000000000e+03
6.100000000000000000e+01
3.546000000000000000e+03
3.545000000000000000e+03
3.515000000000000000e+03
3.517000000000000000e+03
2.230000000000000000e+02
3.519000000000000000e+03
3.524000000000000000e+03
3.536000000000000000e+03
2.160000000000000000e+02
1.182000000000000000e+03
1.023000000000000000e+03
1.166000000000000000e+03
1.155000000000000000e+03
1.047000000000000000e+03
1.156000000000000000e+03
1.059000000000000000e+03
1.082000000000000000e+03
1.069000000000000000e+03
1.414000000000000000e+03
9.310000000000000000e+02
1.415000000000000000e+03
1.420000000000000000e+03
9.270000000000000000e+02
1.020000000000000000e+03
3.554000000000000000e+03
9.430000000000000000e+02
1.200000000000000000e+03
1.018000000000000000e+03
1.019000000000000000e+03
5.700000000000000000e+01
5.900000000000000000e+01
1.360000000000000000e+03
1.356000000000000000e+03
3.543000000000000000e+03
3.544000000000000000e+03
3.513000000000000000e+03
2.250000000000000000e+02
2.240000000000000000e+02
3.521000000000000000e+03
2.220000000000000000e+02
2.180000000000000000e+02
2.160000000000000000e+02
1.350000000000000000e+03
1.023000000000000000e+03
1.174000000000000000e+03
1.179000000000000000e+03
1.027000000000000000e+03
1.034000000000000000e+03
1.047000000000000000e+03
1.081000000000000000e+03
1.064000000000000000e+03
1.064000000000000000e+03
1.070000000000000000e+03
1.252000000000000000e+03
1.422000000000000000e+03
1.427000000000000000e+03
3.900000000000000000e+01
2.150000000000000000e+02
3.541000000000000000e+03
4.900000000000000000e+01
1.203000000000000000e+03
1.205000000000000000e+03
1.195000000000000000e+03
1.194000000000000000e+03
1.354000000000000000e+03
9.540000000000000000e+02
9.540000000000000000e+02
1.375000000000000000e+03
6.300000000000000000e+01
2.250000000000000000e+02
2.240000000000000000e+02
2.230000000000000000e+02
2.220000000000000000e+02
2.200000000000000000e+02
2.200000000000000000e+02
2.180000000000000000e+02
1.500000000000000000e+01
1.300000000000000000e+01
1.500000000000000000e+01
1.162000000000000000e+03
1.163000000000000000e+03
1.158000000000000000e+03
1.059000000000000000e+03
2.500000000000000000e+01
1.057000000000000000e+03
1.062000000000000000e+03
1.062000000000000000e+03
9.910000000000000000e+02
9.290000000000000000e+02
4.100000000000000000e+01
1.183000000000000000e+03
3.539000000000000000e+03
4.300000000000000000e+01
1.387000000000000000e+03
1.196000000000000000e+03
1.014000000000000000e+03
5.500000000000000000e+01
5.300000000000000000e+01
5.500000000000000000e+01
5.700000000000000000e+01
6.300000000000000000e+01
9.520000000000000000e+02
2.140000000000000000e+02
2.140000000000000000e+02
3.000000000000000000e+00
5.000000000000000000e+00
3.000000000000000000e+00
9.000000000000000000e+00
7.000000000000000000e+00
9.000000000000000000e+00
1.100000000000000000e+01
1.021000000000000000e+03
1.900000000000000000e+01
2.100000000000000000e+01
1.161000000000000000e+03
2.500000000000000000e+01
2.700000000000000000e+01
1.057000000000000000e+03
3.100000000000000000e+01
2.900000000000000000e+01
2.404000000000000000e+03
3.700000000000000000e+01
3.500000000000000000e+01
9.270000000000000000e+02
4.300000000000000000e+01
4.500000000000000000e+01
3.552000000000000000e+03
4.500000000000000000e+01
5.100000000000000000e+01
4.900000000000000000e+01
5.100000000000000000e+01
1.015000000000000000e+03
1.015000000000000000e+03
9.550000000000000000e+02
9.520000000000000000e+02
6.500000000000000000e+01
6.700000000000000000e+01
6.500000000000000000e+01
6.700000000000000000e+01
0.000000000000000000e+00
7.000000000000000000e+00
5.000000000000000000e+00
1.100000000000000000e+01
1.300000000000000000e+01
1.021000000000000000e+03
1.700000000000000000e+01
1.025000000000000000e+03
1.700000000000000000e+01
2.300000000000000000e+01
1.138000000000000000e+03
2.300000000000000000e+01
2.900000000000000000e+01
2.700000000000000000e+01
1.078000000000000000e+03
3.500000000000000000e+01
3.300000000000000000e+01
1.424000000000000000e+03
3.700000000000000000e+01
1.020000000000000000e+03
1.433000000000000000e+03
3.553000000000000000e+03
3.554000000000000000e+03
1.198000000000000000e+03
5.300000000000000000e+01
1.018000000000000000e+03
1.019000000000000000e+03
9.550000000000000000e+02
6.100000000000000000e+01
5.900000000000000000e+01
9.480000000000000000e+02
9.480000000000000000e+02
0.000000000000000000e+00
3.870000000000000000e+03
3.842000000000000000e+03
3.840000000000000000e+03
3.528000000000000000e+03
3.535000000000000000e+03
3.861000000000000000e+03
3.535000000000000000e+03
3.538000000000000000e+03
1.173000000000000000e+03
1.159000000000000000e+03
1.900000000000000000e+01
1.137000000000000000e+03
1.106000000000000000e+03
1.085000000000000000e+03
1.092000000000000000e+03
1.079000000000000000e+03
3.100000000000000000e+01
1.417000000000000000e+03
3.900000000000000000e+01
1.429000000000000000e+03
1.426000000000000000e+03
4.100000000000000000e+01
4.700000000000000000e+01
1.205000000000000000e+03
4.700000000000000000e+01
1.192000000000000000e+03
1.193000000000000000e+03
1.353000000000000000e+03
1.356000000000000000e+03
1.363000000000000000e+03
1.357000000000000000e+03
1.360000000000000000e+03
1.367000000000000000e+03
3.869000000000000000e+03
3.847000000000000000e+03
3.839000000000000000e+03
3.523000000000000000e+03
3.520000000000000000e+03
3.532000000000000000e+03
3.859000000000000000e+03
3.862000000000000000e+03
3.536000000000000000e+03
1.181000000000000000e+03
1.025000000000000000e+03
1.162000000000000000e+03
2.100000000000000000e+01
1.105000000000000000e+03
1.107000000000000000e+03
1.089000000000000000e+03
3.300000000000000000e+01
1.086000000000000000e+03
1.418000000000000000e+03
1.423000000000000000e+03
1.428000000000000000e+03
1.432000000000000000e+03
1.430000000000000000e+03
9.430000000000000000e+02
1.200000000000000000e+03
1.195000000000000000e+03
1.187000000000000000e+03
1.194000000000000000e+03
1.354000000000000000e+03
1.185000000000000000e+03
1.352000000000000000e+03
1.369000000000000000e+03
1.362000000000000000e+03
3.760000000000000000e+03
3.839000000000000000e+03
3.547000000000000000e+03
3.513000000000000000e+03
3.522000000000000000e+03
3.530000000000000000e+03
3.533000000000000000e+03
3.526000000000000000e+03
3.531000000000000000e+03
1.180000000000000000e+03
1.350000000000000000e+03
1.165000000000000000e+03
1.139000000000000000e+03
1.107000000000000000e+03
1.139000000000000000e+03
1.084000000000000000e+03
1.077000000000000000e+03
1.080000000000000000e+03
1.416000000000000000e+03
1.421000000000000000e+03
1.417000000000000000e+03
1.421000000000000000e+03
1.428000000000000000e+03
3.553000000000000000e+03
2.427000000000000000e+03
1.013000000000000000e+03
1.013000000000000000e+03
1.198000000000000000e+03
1.189000000000000000e+03
5.800000000000000000e+01
1.357000000000000000e+03
1.364000000000000000e+03
1.355000000000000000e+03
1.371000000000000000e+03
1.375000000000000000e+03
3.761000000000000000e+03
3.840000000000000000e+03
3.841000000000000000e+03
3.515000000000000000e+03
3.527000000000000000e+03
3.525000000000000000e+03
3.530000000000000000e+03
1.351000000000000000e+03
1.173000000000000000e+03
1.163000000000000000e+03
1.158000000000000000e+03
1.138000000000000000e+03
1.076000000000000000e+03
1.083000000000000000e+03
1.157000000000000000e+03
1.083000000000000000e+03
1.253000000000000000e+03
1.418000000000000000e+03
1.253000000000000000e+03
1.416000000000000000e+03
1.423000000000000000e+03
1.422000000000000000e+03
1.431000000000000000e+03
1.183000000000000000e+03
3.539000000000000000e+03
1.199000000000000000e+03
1.186000000000000000e+03
1.190000000000000000e+03
1.366000000000000000e+03
1.194000000000000000e+03
1.354000000000000000e+03
1.374000000000000000e+03
2.281000000000000000e+03
3.547000000000000000e+03
3.516000000000000000e+03
3.544000000000000000e+03
3.520000000000000000e+03
3.841000000000000000e+03
3.529000000000000000e+03
3.534000000000000000e+03
3.538000000000000000e+03
3.861000000000000000e+03
1.179000000000000000e+03
1.166000000000000000e+03
1.182000000000000000e+03
1.156000000000000000e+03
1.106000000000000000e+03
1.082000000000000000e+03
1.105000000000000000e+03
1.075000000000000000e+03
1.081000000000000000e+03
1.077000000000000000e+03
1.424000000000000000e+03
1.414000000000000000e+03
1.184000000000000000e+03
1.431000000000000000e+03
1.427000000000000000e+03
1.433000000000000000e+03
1.014000000000000000e+03
1.192000000000000000e+03
1.190000000000000000e+03
5.600000000000000000e+01
1.188000000000000000e+03
6.000000000000000000e+01
1.362000000000000000e+03
1.368000000000000000e+03
3.546000000000000000e+03
2.953000000000000000e+03
3.546000000000000000e+03
3.518000000000000000e+03
3.519000000000000000e+03
3.525000000000000000e+03
3.517000000000000000e+03
3.521000000000000000e+03
3.537000000000000000e+03
3.561000000000000000e+03
1.174000000000000000e+03
1.170000000000000000e+03
1.174000000000000000e+03
1.026000000000000000e+03
1.161000000000000000e+03
1.155000000000000000e+03
1.080000000000000000e+03
1.070000000000000000e+03
1.089000000000000000e+03
1.415000000000000000e+03
1.420000000000000000e+03
1.426000000000000000e+03
1.419000000000000000e+03
3.540000000000000000e+03
3.554000000000000000e+03
9.240000000000000000e+02
1.386000000000000000e+03
3.541000000000000000e+03
1.200000000000000000e+03
1.215000000000000000e+03
1.215000000000000000e+03
1.359000000000000000e+03
1.361000000000000000e+03
1.375000000000000000e+03
3.545000000000000000e+03
3.514000000000000000e+03
3.543000000000000000e+03
3.842000000000000000e+03
3.847000000000000000e+03
3.524000000000000000e+03
3.522000000000000000e+03
3.859000000000000000e+03
3.862000000000000000e+03
1.181000000000000000e+03
3.561000000000000000e+03
1.027000000000000000e+03
1.168000000000000000e+03
1.166000000000000000e+03
1.159000000000000000e+03
1.137000000000000000e+03
1.066000000000000000e+03
1.084000000000000000e+03
1.086000000000000000e+03
1.078000000000000000e+03
2.404000000000000000e+03
9.280000000000000000e+02
1.430000000000000000e+03
3.552000000000000000e+03
9.240000000000000000e+02
1.020000000000000000e+03
2.427000000000000000e+03
1.018000000000000000e+03
1.204000000000000000e+03
1.197000000000000000e+03
1.187000000000000000e+03
1.358000000000000000e+03
1.369000000000000000e+03
1.363000000000000000e+03
6.000000000000000000e+01
6.200000000000000000e+01
3.870000000000000000e+03
3.869000000000000000e+03
6.800000000000000000e+01
3.528000000000000000e+03
3.533000000000000000e+03
3.527000000000000000e+03
3.532000000000000000e+03
1.600000000000000000e+01
1.200000000000000000e+01
1.180000000000000000e+03
1.026000000000000000e+03
1.177000000000000000e+03
1.035000000000000000e+03
1.085000000000000000e+03
1.092000000000000000e+03
1.079000000000000000e+03
1.252000000000000000e+03
1.065000000000000000e+03
9.300000000000000000e+02
2.400000000000000000e+03
2.407000000000000000e+03
3.800000000000000000e+01
3.542000000000000000e+03
2.428000000000000000e+03
2.150000000000000000e+02
1.387000000000000000e+03
5.400000000000000000e+01
1.196000000000000000e+03
5.200000000000000000e+01
5.400000000000000000e+01
5.600000000000000000e+01
6.400000000000000000e+01
1.368000000000000000e+03
2.948000000000000000e+03
3.760000000000000000e+03
4.000000000000000000e+00
3.523000000000000000e+03
2.000000000000000000e+00
1.000000000000000000e+01
6.000000000000000000e+00
8.000000000000000000e+00
1.000000000000000000e+01
1.349000000000000000e+03
1.400000000000000000e+01
1.161000000000000000e+03
2.400000000000000000e+01
2.600000000000000000e+01
2.800000000000000000e+01
2.400000000000000000e+01
1.054000000000000000e+03
1.058000000000000000e+03
1.055000000000000000e+03
1.069000000000000000e+03
1.425000000000000000e+03
9.260000000000000000e+02
1.429000000000000000e+03
1.434000000000000000e+03
1.203000000000000000e+03
2.428000000000000000e+03
1.016000000000000000e+03
1.019000000000000000e+03
5.000000000000000000e+01
1.359000000000000000e+03
1.364000000000000000e+03
1.358000000000000000e+03
5.800000000000000000e+01
9.540000000000000000e+02
3.761000000000000000e+03
6.400000000000000000e+01
1.550000000000000000e+02
6.000000000000000000e+00
8.000000000000000000e+00
4.000000000000000000e+00
1.200000000000000000e+01
1.320000000000000000e+02
2.180000000000000000e+02
1.800000000000000000e+01
1.024000000000000000e+03
1.170000000000000000e+03
1.165000000000000000e+03
1.160000000000000000e+03
1.048000000000000000e+03
1.056000000000000000e+03
3.200000000000000000e+01
2.800000000000000000e+01
2.403000000000000000e+03
2.403000000000000000e+03
1.429000000000000000e+03
4.200000000000000000e+01
1.433000000000000000e+03
1.432000000000000000e+03
4.200000000000000000e+01
5.000000000000000000e+01
5.200000000000000000e+01
1.016000000000000000e+03
1.015000000000000000e+03
1.189000000000000000e+03
1.366000000000000000e+03
6.200000000000000000e+01
1.371000000000000000e+03
2.948000000000000000e+03
6.800000000000000000e+01
2.000000000000000000e+00
6.600000000000000000e+01
1.360000000000000000e+02
2.240000000000000000e+02
2.180000000000000000e+02
3.861000000000000000e+03
1.400000000000000000e+01
3.859000000000000000e+03
2.160000000000000000e+02
1.021000000000000000e+03
2.200000000000000000e+01
1.164000000000000000e+03
1.177000000000000000e+03
1.136000000000000000e+03
1.047000000000000000e+03
1.093000000000000000e+03
1.087000000000000000e+03
1.087000000000000000e+03
2.400000000000000000e+03
4.000000000000000000e+01
1.432000000000000000e+03
1.435000000000000000e+03
9.270000000000000000e+02
1.387000000000000000e+03
1.207000000000000000e+03
4.600000000000000000e+01
1.189000000000000000e+03
1.192000000000000000e+03
9.550000000000000000e+02
9.540000000000000000e+02
9.510000000000000000e+02
9.550000000000000000e+02
6.600000000000000000e+01
2.281000000000000000e+03
3.721000000000000000e+03
3.846000000000000000e+03
2.250000000000000000e+02
2.210000000000000000e+02
2.230000000000000000e+02
2.160000000000000000e+02
2.200000000000000000e+02
3.863000000000000000e+03
1.164000000000000000e+03
2.000000000000000000e+01
1.600000000000000000e+01
1.137000000000000000e+03
1.136000000000000000e+03
2.200000000000000000e+01
3.000000000000000000e+01
1.088000000000000000e+03
1.088000000000000000e+03
3.600000000000000000e+01
3.800000000000000000e+01
3.400000000000000000e+01
1.424000000000000000e+03
4.400000000000000000e+01
4.000000000000000000e+01
2.425000000000000000e+03
4.400000000000000000e+01
1.202000000000000000e+03
1.191000000000000000e+03
1.352000000000000000e+03
1.355000000000000000e+03
1.019000000000000000e+03
1.015000000000000000e+03
1.364000000000000000e+03
2.953000000000000000e+03
1.361000000000000000e+03
2.240000000000000000e+02
3.721000000000000000e+03
3.846000000000000000e+03
3.843000000000000000e+03
2.190000000000000000e+02
3.860000000000000000e+03
3.863000000000000000e+03
2.130000000000000000e+02
3.862000000000000000e+03
1.168000000000000000e+03
1.034000000000000000e+03
1.047000000000000000e+03
1.059000000000000000e+03
1.138000000000000000e+03
1.106000000000000000e+03
2.600000000000000000e+01
1.057000000000000000e+03
3.000000000000000000e+01
3.200000000000000000e+01
2.407000000000000000e+03
3.600000000000000000e+01
9.290000000000000000e+02
2.427000000000000000e+03
4.800000000000000000e+01
1.199000000000000000e+03
1.188000000000000000e+03
4.800000000000000000e+01
1.366000000000000000e+03
1.008000000000000000e+03
1.360000000000000000e+03
1.193000000000000000e+03
1.353000000000000000e+03
1.356000000000000000e+03
9.520000000000000000e+02
3.847000000000000000e+03
2.140000000000000000e+02
3.870000000000000000e+03
3.842000000000000000e+03
3.523000000000000000e+03
2.220000000000000000e+02
3.860000000000000000e+03
1.023000000000000000e+03
3.534000000000000000e+03
1.165000000000000000e+03
1.167000000000000000e+03
1.800000000000000000e+01
1.105000000000000000e+03
1.104000000000000000e+03
1.104000000000000000e+03
1.059000000000000000e+03
1.092000000000000000e+03
1.417000000000000000e+03
2.405000000000000000e+03
1.418000000000000000e+03
9.280000000000000000e+02
9.250000000000000000e+02
4.600000000000000000e+01
1.184000000000000000e+03
1.197000000000000000e+03
1.207000000000000000e+03
1.199000000000000000e+03
1.017000000000000000e+03
5.900000000000000000e+01
1.363000000000000000e+03
9.520000000000000000e+02
1.370000000000000000e+03
1.369000000000000000e+03
3.890000000000000000e+02
1.374000000000000000e+03
2.230000000000000000e+02
3.514000000000000000e+03
3.852000000000000000e+03
3.852000000000000000e+03
2.170000000000000000e+02
3.533000000000000000e+03
3.529000000000000000e+03
1.170000000000000000e+03
3.537000000000000000e+03
1.023000000000000000e+03
1.178000000000000000e+03
1.075000000000000000e+03
1.034000000000000000e+03
1.093000000000000000e+03
1.085000000000000000e+03
3.400000000000000000e+01
9.310000000000000000e+02
2.402000000000000000e+03
9.300000000000000000e+02
9.310000000000000000e+02
9.260000000000000000e+02
9.250000000000000000e+02
1.386000000000000000e+03
3.553000000000000000e+03
1.201000000000000000e+03
1.185000000000000000e+03
1.213000000000000000e+03
1.358000000000000000e+03
1.186000000000000000e+03
1.370000000000000000e+03
9.500000000000000000e+02
9.490000000000000000e+02
2.250000000000000000e+02
3.515000000000000000e+03
3.841000000000000000e+03
3.843000000000000000e+03
3.516000000000000000e+03
3.532000000000000000e+03
1.320000000000000000e+02
3.524000000000000000e+03
1.320000000000000000e+02
1.024000000000000000e+03
1.169000000000000000e+03
1.173000000000000000e+03
1.035000000000000000e+03
2.000000000000000000e+01
1.057000000000000000e+03
1.156000000000000000e+03
1.078000000000000000e+03
2.404000000000000000e+03
1.079000000000000000e+03
1.086000000000000000e+03
2.401000000000000000e+03
1.435000000000000000e+03
1.434000000000000000e+03
1.425000000000000000e+03
1.434000000000000000e+03
1.198000000000000000e+03
1.190000000000000000e+03
1.017000000000000000e+03
5.700000000000000000e+01
1.018000000000000000e+03
1.215000000000000000e+03
1.359000000000000000e+03
3.543000000000000000e+03
1.372000000000000000e+03
6.100000000000000000e+01
5.590000000000000000e+02
3.761000000000000000e+03
2.220000000000000000e+02
2.200000000000000000e+02
3.856000000000000000e+03
3.528000000000000000e+03
3.561000000000000000e+03
1.180000000000000000e+03
1.025000000000000000e+03
1.162000000000000000e+03
1.155000000000000000e+03
1.157000000000000000e+03
1.048000000000000000e+03
1.084000000000000000e+03
1.048000000000000000e+03
1.062000000000000000e+03
9.910000000000000000e+02
9.300000000000000000e+02
1.423000000000000000e+03
9.910000000000000000e+02
1.020000000000000000e+03
1.420000000000000000e+03
2.425000000000000000e+03
1.204000000000000000e+03
3.540000000000000000e+03
1.191000000000000000e+03
1.203000000000000000e+03
1.191000000000000000e+03
1.213000000000000000e+03
1.373000000000000000e+03
1.373000000000000000e+03
9.480000000000000000e+02
2.140000000000000000e+02
2.951000000000000000e+03
3.759000000000000000e+03
3.545000000000000000e+03
3.522000000000000000e+03
1.360000000000000000e+02
3.531000000000000000e+03
3.856000000000000000e+03
1.021000000000000000e+03
1.349000000000000000e+03
1.348000000000000000e+03
1.160000000000000000e+03
1.169000000000000000e+03
1.167000000000000000e+03
1.134000000000000000e+03
1.035000000000000000e+03
1.064000000000000000e+03
1.056000000000000000e+03
1.082000000000000000e+03
2.406000000000000000e+03
1.055000000000000000e+03
2.402000000000000000e+03
1.441000000000000000e+03
2.150000000000000000e+02
2.424000000000000000e+03
1.431000000000000000e+03
1.202000000000000000e+03
9.430000000000000000e+02
1.215000000000000000e+03
1.008000000000000000e+03
1.365000000000000000e+03
6.100000000000000000e+01
1.368000000000000000e+03
2.281000000000000000e+03
2.946000000000000000e+03
3.869000000000000000e+03
9.480000000000000000e+02
3.517000000000000000e+03
3.521000000000000000e+03
3.527000000000000000e+03
3.518000000000000000e+03
3.519000000000000000e+03
1.350000000000000000e+03
1.182000000000000000e+03
2.130000000000000000e+02
1.349000000000000000e+03
1.351000000000000000e+03
1.134000000000000000e+03
1.026000000000000000e+03
1.081000000000000000e+03
1.089000000000000000e+03
1.076000000000000000e+03
1.055000000000000000e+03
1.064000000000000000e+03
9.290000000000000000e+02
1.428000000000000000e+03
1.183000000000000000e+03
3.553000000000000000e+03
9.430000000000000000e+02
5.980000000000000000e+02
1.196000000000000000e+03
1.187000000000000000e+03
1.208000000000000000e+03
1.014000000000000000e+03
1.195000000000000000e+03
1.365000000000000000e+03
1.367000000000000000e+03
1.372000000000000000e+03
5.900000000000000000e+01
1.371000000000000000e+03
2.953000000000000000e+03
1.360000000000000000e+02
1.550000000000000000e+02
3.526000000000000000e+03
2.210000000000000000e+02
3.536000000000000000e+03
2.170000000000000000e+02
9.000000000000000000e+00
3.861000000000000000e+03
1.348000000000000000e+03
1.028000000000000000e+03
1.025000000000000000e+03
1.135000000000000000e+03
1.158000000000000000e+03
1.065000000000000000e+03
1.058000000000000000e+03
1.054000000000000000e+03
1.320000000000000000e+03
1.062000000000000000e+03
2.408000000000000000e+03
1.431000000000000000e+03
2.407000000000000000e+03
1.428000000000000000e+03
1.430000000000000000e+03
1.011000000000000000e+03
3.542000000000000000e+03
1.013000000000000000e+03
1.198000000000000000e+03
1.190000000000000000e+03
9.510000000000000000e+02
9.500000000000000000e+02
9.510000000000000000e+02
3.544000000000000000e+03
3.759000000000000000e+03
1.550000000000000000e+02
3.723000000000000000e+03
6.700000000000000000e+01
2.190000000000000000e+02
2.170000000000000000e+02
2.190000000000000000e+02
3.865000000000000000e+03
3.560000000000000000e+03
3.560000000000000000e+03
1.300000000000000000e+01
1.177000000000000000e+03
2.500000000000000000e+01
1.162000000000000000e+03
1.056000000000000000e+03
1.054000000000000000e+03
1.069000000000000000e+03
1.319000000000000000e+03
1.058000000000000000e+03
9.280000000000000000e+02
9.270000000000000000e+02
2.408000000000000000e+03
3.539000000000000000e+03
1.435000000000000000e+03
2.424000000000000000e+03
3.552000000000000000e+03
1.386000000000000000e+03
1.194000000000000000e+03
1.354000000000000000e+03
1.357000000000000000e+03
9.530000000000000000e+02
5.500000000000000000e+01
5.700000000000000000e+01
3.760000000000000000e+03
3.513000000000000000e+03
6.300000000000000000e+01
3.722000000000000000e+03
2.210000000000000000e+02
9.000000000000000000e+00
3.859000000000000000e+03
3.862000000000000000e+03
7.000000000000000000e+00
3.532000000000000000e+03
1.100000000000000000e+01
1.172000000000000000e+03
1.178000000000000000e+03
1.168000000000000000e+03
2.700000000000000000e+01
1.119000000000000000e+03
1.137000000000000000e+03
1.091000000000000000e+03
1.090000000000000000e+03
1.066000000000000000e+03
1.422000000000000000e+03
1.252000000000000000e+03
1.415000000000000000e+03
1.423000000000000000e+03
3.541000000000000000e+03
1.013000000000000000e+03
2.292000000000000000e+03
1.208000000000000000e+03
1.213000000000000000e+03
1.205000000000000000e+03
1.356000000000000000e+03
5.300000000000000000e+01
6.300000000000000000e+01
6.500000000000000000e+01
1.363000000000000000e+03
1.362000000000000000e+03
3.890000000000000000e+02
5.000000000000000000e+00
3.851000000000000000e+03
3.844000000000000000e+03
1.100000000000000000e+01
5.000000000000000000e+00
2.130000000000000000e+02
1.700000000000000000e+01
3.535000000000000000e+03
1.159000000000000000e+03
1.138000000000000000e+03
1.179000000000000000e+03
1.178000000000000000e+03
1.103000000000000000e+03
1.100000000000000000e+03
1.094000000000000000e+03
1.320000000000000000e+03
1.419000000000000000e+03
2.406000000000000000e+03
1.427000000000000000e+03
1.437000000000000000e+03
1.437000000000000000e+03
1.438000000000000000e+03
2.292000000000000000e+03
2.425000000000000000e+03
5.300000000000000000e+01
1.210000000000000000e+03
1.353000000000000000e+03
1.364000000000000000e+03
1.008000000000000000e+03
1.194000000000000000e+03
9.490000000000000000e+02
1.357000000000000000e+03
3.900000000000000000e+02
3.000000000000000000e+00
5.590000000000000000e+02
7.000000000000000000e+00
0.000000000000000000e+00
3.841000000000000000e+03
3.868000000000000000e+03
1.500000000000000000e+01
1.173000000000000000e+03
1.166000000000000000e+03
3.538000000000000000e+03
1.024000000000000000e+03
1.106000000000000000e+03
1.027000000000000000e+03
1.135000000000000000e+03
2.300000000000000000e+01
1.105000000000000000e+03
1.414000000000000000e+03
2.405000000000000000e+03
1.070000000000000000e+03
9.260000000000000000e+02
2.400000000000000000e+03
1.436000000000000000e+03
2.428000000000000000e+03
4.100000000000000000e+01
9.240000000000000000e+02
1.012000000000000000e+03
1.201000000000000000e+03
1.359000000000000000e+03
5.100000000000000000e+01
1.362000000000000000e+03
1.366000000000000000e+03
1.354000000000000000e+03
9.500000000000000000e+02
2.946000000000000000e+03
2.948000000000000000e+03
6.500000000000000000e+01
3.845000000000000000e+03
3.847000000000000000e+03
3.535000000000000000e+03
1.300000000000000000e+01
3.527000000000000000e+03
3.530000000000000000e+03
1.900000000000000000e+01
3.561000000000000000e+03
2.300000000000000000e+01
1.107000000000000000e+03
1.119000000000000000e+03
2.900000000000000000e+01
1.095000000000000000e+03
1.090000000000000000e+03
1.091000000000000000e+03
1.319000000000000000e+03
2.401000000000000000e+03
4.100000000000000000e+01
4.300000000000000000e+01
9.240000000000000000e+02
1.426000000000000000e+03
1.207000000000000000e+03
5.980000000000000000e+02
1.186000000000000000e+03
5.500000000000000000e+01
4.900000000000000000e+01
1.017000000000000000e+03
1.369000000000000000e+03
9.530000000000000000e+02
1.358000000000000000e+03
3.900000000000000000e+02
1.360000000000000000e+03
1.375000000000000000e+03
3.851000000000000000e+03
3.547000000000000000e+03
3.845000000000000000e+03
3.000000000000000000e+00
3.863000000000000000e+03
3.525000000000000000e+03
3.860000000000000000e+03
3.863000000000000000e+03
1.167000000000000000e+03
1.139000000000000000e+03
1.154000000000000000e+03
1.085000000000000000e+03
1.177000000000000000e+03
1.139000000000000000e+03
1.095000000000000000e+03
1.084000000000000000e+03
2.900000000000000000e+01
2.801000000000000000e+03
5.510000000000000000e+02
9.250000000000000000e+02
3.700000000000000000e+01
3.900000000000000000e+01
2.426000000000000000e+03
5.100000000000000000e+01
1.206000000000000000e+03
1.193000000000000000e+03
1.211000000000000000e+03
9.530000000000000000e+02
1.361000000000000000e+03
2.955000000000000000e+03
2.948000000000000000e+03
2.951000000000000000e+03
1.368000000000000000e+03
3.842000000000000000e+03
3.760000000000000000e+03
3.723000000000000000e+03
3.839000000000000000e+03
3.853000000000000000e+03
3.865000000000000000e+03
3.868000000000000000e+03
3.864000000000000000e+03
9.560000000000000000e+02
1.028000000000000000e+03
1.154000000000000000e+03
1.136000000000000000e+03
1.083000000000000000e+03
1.161000000000000000e+03
1.136000000000000000e+03
2.500000000000000000e+01
2.700000000000000000e+01
2.804000000000000000e+03
3.900000000000000000e+01
2.403000000000000000e+03
1.417000000000000000e+03
1.421000000000000000e+03
1.436000000000000000e+03
1.427000000000000000e+03
4.300000000000000000e+01
1.017000000000000000e+03
4.700000000000000000e+01
1.016000000000000000e+03
1.388000000000000000e+03
1.187000000000000000e+03
2.288000000000000000e+03
1.352000000000000000e+03
1.355000000000000000e+03
5.590000000000000000e+02
2.383000000000000000e+03
2.383000000000000000e+03
3.869000000000000000e+03
3.848000000000000000e+03
3.840000000000000000e+03
3.522000000000000000e+03
3.864000000000000000e+03
3.865000000000000000e+03
3.531000000000000000e+03
2.100000000000000000e+01
1.500000000000000000e+01
1.037000000000000000e+03
1.163000000000000000e+03
1.092000000000000000e+03
1.103000000000000000e+03
1.104000000000000000e+03
1.093000000000000000e+03
5.500000000000000000e+02
5.500000000000000000e+02
2.405000000000000000e+03
2.401000000000000000e+03
1.441000000000000000e+03
4.700000000000000000e+01
4.900000000000000000e+01
1.206000000000000000e+03
3.554000000000000000e+03
1.202000000000000000e+03
1.214000000000000000e+03
1.214000000000000000e+03
1.189000000000000000e+03
1.371000000000000000e+03
1.373000000000000000e+03
1.370000000000000000e+03
9.490000000000000000e+02
3.840000000000000000e+03
3.523000000000000000e+03
3.528000000000000000e+03
3.846000000000000000e+03
3.860000000000000000e+03
3.520000000000000000e+03
3.856000000000000000e+03
3.526000000000000000e+03
1.163000000000000000e+03
1.026000000000000000e+03
1.181000000000000000e+03
1.028000000000000000e+03
1.104000000000000000e+03
1.100000000000000000e+03
3.100000000000000000e+01
1.107000000000000000e+03
1.083000000000000000e+03
3.700000000000000000e+01
5.510000000000000000e+02
1.441000000000000000e+03
3.500000000000000000e+01
4.500000000000000000e+01
5.980000000000000000e+02
1.200000000000000000e+03
1.016000000000000000e+03
1.189000000000000000e+03
1.211000000000000000e+03
1.210000000000000000e+03
6.000000000000000000e+01
1.370000000000000000e+03
1.185000000000000000e+03
2.285000000000000000e+03
6.700000000000000000e+01
0.000000000000000000e+00
1.367000000000000000e+03
3.520000000000000000e+03
3.544000000000000000e+03
3.530000000000000000e+03
3.843000000000000000e+03
3.538000000000000000e+03
3.521000000000000000e+03
1.174000000000000000e+03
1.169000000000000000e+03
3.536000000000000000e+03
1.171000000000000000e+03
1.135000000000000000e+03
1.131000000000000000e+03
1.080000000000000000e+03
1.094000000000000000e+03
1.086000000000000000e+03
1.317000000000000000e+03
2.400000000000000000e+03
1.087000000000000000e+03
3.300000000000000000e+01
1.436000000000000000e+03
1.438000000000000000e+03
2.426000000000000000e+03
9.250000000000000000e+02
1.201000000000000000e+03
4.500000000000000000e+01
1.366000000000000000e+03
1.365000000000000000e+03
1.373000000000000000e+03
3.509000000000000000e+03
1.375000000000000000e+03
2.288000000000000000e+03
3.890000000000000000e+02
2.952000000000000000e+03
3.846000000000000000e+03
3.546000000000000000e+03
3.525000000000000000e+03
3.533000000000000000e+03
3.848000000000000000e+03
3.857000000000000000e+03
1.181000000000000000e+03
3.866000000000000000e+03
1.172000000000000000e+03
1.171000000000000000e+03
1.180000000000000000e+03
1.076000000000000000e+03
1.082000000000000000e+03
1.134000000000000000e+03
1.119000000000000000e+03
1.087000000000000000e+03
2.403000000000000000e+03
1.089000000000000000e+03
3.100000000000000000e+01
2.409000000000000000e+03
3.552000000000000000e+03
2.424000000000000000e+03
1.422000000000000000e+03
1.432000000000000000e+03
1.433000000000000000e+03
1.210000000000000000e+03
1.008000000000000000e+03
5.800000000000000000e+01
2.280000000000000000e+03
2.955000000000000000e+03
1.365000000000000000e+03
3.546000000000000000e+03
2.728000000000000000e+03
3.870000000000000000e+03
3.722000000000000000e+03
3.843000000000000000e+03
3.844000000000000000e+03
3.513000000000000000e+03
3.858000000000000000e+03
3.852000000000000000e+03
1.351000000000000000e+03
1.179000000000000000e+03
1.168000000000000000e+03
9.560000000000000000e+02
1.156000000000000000e+03
1.700000000000000000e+01
1.037000000000000000e+03
2.100000000000000000e+01
1.155000000000000000e+03
3.300000000000000000e+01
9.690000000000000000e+02
1.088000000000000000e+03
1.078000000000000000e+03
2.404000000000000000e+03
9.210000000000000000e+02
3.554000000000000000e+03
9.260000000000000000e+02
1.438000000000000000e+03
1.192000000000000000e+03
1.011000000000000000e+03
1.010000000000000000e+03
1.388000000000000000e+03
1.192000000000000000e+03
1.188000000000000000e+03
1.372000000000000000e+03
2.946000000000000000e+03
2.282000000000000000e+03
3.839000000000000000e+03
2.951000000000000000e+03
3.759000000000000000e+03
3.721000000000000000e+03
3.851000000000000000e+03
3.534000000000000000e+03
3.858000000000000000e+03
1.310000000000000000e+02
1.348000000000000000e+03
1.320000000000000000e+02
1.158000000000000000e+03
1.172000000000000000e+03
1.174000000000000000e+03
1.900000000000000000e+01
1.093000000000000000e+03
1.079000000000000000e+03
1.100000000000000000e+03
1.418000000000000000e+03
1.424000000000000000e+03
1.320000000000000000e+03
2.801000000000000000e+03
1.416000000000000000e+03
9.280000000000000000e+02
9.220000000000000000e+02
1.011000000000000000e+03
1.195000000000000000e+03
2.428000000000000000e+03
1.209000000000000000e+03
1.208000000000000000e+03
1.363000000000000000e+03
1.213000000000000000e+03
3.509000000000000000e+03
2.283000000000000000e+03
1.364000000000000000e+03
2.954000000000000000e+03
2.774000000000000000e+03
3.519000000000000000e+03
3.852000000000000000e+03
3.853000000000000000e+03
3.844000000000000000e+03
3.517000000000000000e+03
1.349000000000000000e+03
1.024000000000000000e+03
3.859000000000000000e+03
2.279000000000000000e+03
1.153000000000000000e+03
1.131000000000000000e+03
1.165000000000000000e+03
1.159000000000000000e+03
1.088000000000000000e+03
1.157000000000000000e+03
1.094000000000000000e+03
9.690000000000000000e+02
1.429000000000000000e+03
1.253000000000000000e+03
1.433000000000000000e+03
1.419000000000000000e+03
1.429000000000000000e+03
1.205000000000000000e+03
1.183000000000000000e+03
1.209000000000000000e+03
1.387000000000000000e+03
9.550000000000000000e+02
1.196000000000000000e+03
2.280000000000000000e+03
2.285000000000000000e+03
3.545000000000000000e+03
3.547000000000000000e+03
6.000000000000000000e+01
3.518000000000000000e+03
3.719000000000000000e+03
3.524000000000000000e+03
3.529000000000000000e+03
3.515000000000000000e+03
3.537000000000000000e+03
3.857000000000000000e+03
3.868000000000000000e+03
1.027000000000000000e+03
1.161000000000000000e+03
1.350000000000000000e+03
1.170000000000000000e+03
1.042000000000000000e+03
1.042000000000000000e+03
1.077000000000000000e+03
1.253000000000000000e+03
1.075000000000000000e+03
2.402000000000000000e+03
2.407000000000000000e+03
1.430000000000000000e+03
2.409000000000000000e+03
9.230000000000000000e+02
1.437000000000000000e+03
2.291000000000000000e+03
1.012000000000000000e+03
1.019000000000000000e+03
1.015000000000000000e+03
1.200000000000000000e+03
1.211000000000000000e+03
6.200000000000000000e+01
1.374000000000000000e+03
2.282000000000000000e+03
5.800000000000000000e+01
2.949000000000000000e+03
2.281000000000000000e+03
3.543000000000000000e+03
3.722000000000000000e+03
3.856000000000000000e+03
3.857000000000000000e+03
3.853000000000000000e+03
6.000000000000000000e+00
9.560000000000000000e+02
3.866000000000000000e+03
3.560000000000000000e+03
1.134000000000000000e+03
1.133000000000000000e+03
1.103000000000000000e+03
1.118000000000000000e+03
1.050000000000000000e+03
1.319000000000000000e+03
1.053000000000000000e+03
1.080000000000000000e+03
1.077000000000000000e+03
1.432000000000000000e+03
1.440000000000000000e+03
2.427000000000000000e+03
1.386000000000000000e+03
9.270000000000000000e+02
1.379000000000000000e+03
3.539000000000000000e+03
5.600000000000000000e+01
1.358000000000000000e+03
9.540000000000000000e+02
3.508000000000000000e+03
1.215000000000000000e+03
2.953000000000000000e+03
2.947000000000000000e+03
3.721000000000000000e+03
6.200000000000000000e+01
1.560000000000000000e+02
3.850000000000000000e+03
1.350000000000000000e+02
1.320000000000000000e+02
3.864000000000000000e+03
3.560000000000000000e+03
3.533000000000000000e+03
3.864000000000000000e+03
1.029000000000000000e+03
1.035000000000000000e+03
1.105000000000000000e+03
1.167000000000000000e+03
1.066000000000000000e+03
1.035000000000000000e+03
1.096000000000000000e+03
2.406000000000000000e+03
1.090000000000000000e+03
1.426000000000000000e+03
9.210000000000000000e+02
3.540000000000000000e+03
2.408000000000000000e+03
1.439000000000000000e+03
9.220000000000000000e+02
1.018000000000000000e+03
2.427000000000000000e+03
1.214000000000000000e+03
1.199000000000000000e+03
1.191000000000000000e+03
1.388000000000000000e+03
5.400000000000000000e+01
2.955000000000000000e+03
2.283000000000000000e+03
1.372000000000000000e+03
2.954000000000000000e+03
3.845000000000000000e+03
6.600000000000000000e+01
3.849000000000000000e+03
3.861000000000000000e+03
2.130000000000000000e+02
3.528000000000000000e+03
8.000000000000000000e+00
2.279000000000000000e+03
1.200000000000000000e+01
1.037000000000000000e+03
2.600000000000000000e+01
1.166000000000000000e+03
1.131000000000000000e+03
1.099000000000000000e+03
1.053000000000000000e+03
3.500000000000000000e+01
1.421000000000000000e+03
2.804000000000000000e+03
1.435000000000000000e+03
1.434000000000000000e+03
1.440000000000000000e+03
1.387000000000000000e+03
1.014000000000000000e+03
1.020000000000000000e+03
1.010000000000000000e+03
1.207000000000000000e+03
1.355000000000000000e+03
1.197000000000000000e+03
2.288000000000000000e+03
3.508000000000000000e+03
5.600000000000000000e+01
9.510000000000000000e+02
9.540000000000000000e+02
3.723000000000000000e+03
